1.45009857023809529686 -0.24741486349637412112 -0.04461975617009936168 0.00863916741102179787 -0.01692350314557825031 -0.01782650852381440984 -0.01274403039928484992 -0.00171360445336040095 -0.00132931021070123684 -0.00010057442256151630 -0.00336114855594842532 -0.00277954507535369552 0.00079640327275610297 0.00000000000000000000
0.08136481165476190658 -0.01674237593611198685 -0.17850783832390032524 -0.01290807996233370170 -0.00279156780014755803 -0.00510965089261481657 0.01172001135629953568 0.00108618000769062500 0.00385167095283885574 -0.00269721668528280067 0.00770845886955864000 0.00205279234313603121 -0.00000769406863480091 0.00000000000000000000
0.05214769866666667253 -0.07886609039787749464 0.30853488837449627447 -0.00297820332364982700 -0.00063445827571051851 -0.01140971260379293646 0.01730794391150737230 0.00464978003316876814 0.00558020204514724557 -0.00076881975337899191 0.00119346189522666628 0.00118988301525753230 0.00106886736027155937 0.00000000000000000000
1.36424709642857133751 -0.19742332329643780264 -0.06669744438779169615 0.01527913613897812287 -0.02175014888941460139 -0.01481603948794962648 -0.02520981126545864329 -0.00557514977799929839 -0.00553385878935931837 -0.00259077317672606671 -0.01258409213760087152 -0.00250069367080322938 0.00210696107285097880 0.00000000000000000000
0.22918818246428571128 -0.08913596796214577622 -0.17861541592736912554 -0.01729199068747866788 0.00437220889189591979 -0.00178382041536668699 0.01551555054885024425 0.00352333333776027029 0.00494881743211977258 0.00592282312753544815 0.01385793574547485203 0.00059235619075494173 -0.00174587722398664288 0.00000000000000000000
0.14155557108333335914 -0.12925896047895207852 0.31999529078133642779 -0.00551795519053952833 -0.00782303653463845873 -0.01700297342688027180 0.01556379612104969237 0.00414293996925160172 -0.00096502320679309357 -0.00135327860867133888 0.00286283104892344313 -0.00012150087182034903 -0.00128808727659207633 0.00000000000000000000
1.22708490357142863125 -0.12565117888623736353 -0.11614326259199389546 0.02756159862200232430 -0.02378127167091410865 -0.01965486400327036767 -0.03533809411736318212 -0.00365681437313508618 -0.00658556576035059914 -0.01225109737622942854 -0.01332621740262085984 -0.00030988773007604005 -0.00124160392665710151 0.00000000000000000000
0.35869318551190476629 -0.13016059226505558022 -0.19171364972175850006 -0.02456112699467273217 0.00842359425188951745 0.00742700291204749508 0.01523868252071319471 -0.00412227319898380695 0.00133306862449574957 0.01683055590430396556 0.00976035606817458705 -0.00280188770398192471 0.00088438572563902631 0.00000000000000000000
0.18121330782142855420 -0.15956543804306158596 0.31452540649832821940 -0.01117031508666530004 -0.01381172732279374073 -0.01878714575025441577 0.00727961520423303296 -0.00597652393762025062 -0.00968083156757647625 -0.00082023635492326126 -0.00073728832547166861 -0.00282496663964429580 -0.00296420215613482294 0.00000000000000000000
1.08292781035714291704 -0.10205059631272274390 -0.15356950362994567505 0.02924448463476507845 -0.04204334669177711009 -0.04564091179837481693 -0.01157872556672086793 -0.00356628736504437235 -0.01302683370884532600 -0.00589741553183480236 0.00835820233887848291 0.00103231425551337272 0.00329637828899077487 0.00000000000000000000
0.47588990607142855893 -0.19042673796853015755 -0.17333035780478267540 -0.03247475433882143769 0.02536258233676900661 0.01877896233799180095 -0.00948784884726276007 0.00311142519233723871 0.01715017745849556005 0.00420950045016057171 -0.01235863680988023156 0.00067208458185972521 0.00013075954968437407 0.00000000000000000000
0.15550856135714286044 -0.10614845528052056778 0.29889946668674699515 -0.02120123286819578998 -0.01443921947434828081 -0.01798909312932083296 0.00613452753431524556 -0.01709294826940719464 0.00005310166684360663 -0.00439108900832980032 0.00261071968881367326 -0.00405032587284972611 0.00520005343627931525 0.00000000000000000000
0.93557790392857131945 -0.03573874268028257722 -0.20834157373852266182 0.03428636341550589384 -0.02114062375476986888 -0.05666414681392189373 -0.00945035893748924147 -0.00835004420162695389 -0.01189746518065192514 -0.00367845193615393097 -0.00144990726694446703 0.00749642173726448435 -0.00145829667295884857 0.00000000000000000000
0.56732216869047624730 -0.17217600189630882790 -0.20168571033837429107 -0.03450341519007700530 0.02572689427869846029 0.02699993800747281514 -0.01161513471308143336 0.01010405656318108004 0.01926364049642269316 0.00580702107588198894 -0.00424267824649898415 0.00044238003509335723 0.00165761429690712667 0.00000000000000000000
0.10589743135714287103 -0.16295653888095751327 0.18933349174859512298 -0.00653012393098066808 -0.03417685912335843845 -0.03620884530927231254 -0.00249341373564023264 -0.01624723874384322031 -0.00518112321550710797 -0.00563888954515625890 0.00169274621600393692 0.00260953183664580342 0.00524120097818734677 0.00000000000000000000
0.78236011130952376469 0.08878651913683105468 -0.20968293006458216254 0.02254914875119369208 0.02567848506234857858 -0.04788589137709057392 -0.02406236479691573060 -0.01044334570945451221 -0.00782710309602198222 -0.00004946171304856607 -0.00950321465787998428 0.00605639851219610427 -0.00194051381895228299 0.00000000000000000000
0.66044897309523808993 -0.10606637191314419177 -0.22997348697715636057 -0.03607472555706839334 0.02583034060284868094 0.03765167333114483039 0.00890158386265022666 0.00820441074764092712 0.01584361503374926566 0.01042617659847324373 0.00027832125010463269 0.00221692731059610964 -0.00280134935843205906 0.00000000000000000000
0.03900805213095238227 -0.20277046629586703563 0.03500582162775615208 0.01429625140810210707 -0.01644701588650199914 -0.05576775768344861134 -0.02267382889422065242 -0.00964548805864179869 -0.01148708318854978205 -0.00209091366797032642 0.00021378142957926283 -0.00046432789552472984 0.00575018177922973633 0.00000000000000000000
