5.78469925998603429207 -0.14369168479128391347 0.25380645950899788366 -0.03354796306163006225 0.18821094848430908186 0.02075620482414426704 -0.01378568525688998736 0.01154767074838912097 -0.02300924492647383329 -0.00440053758217988106 0.01655619895352223453 -0.00381296063040709437 0.00952882302888303015 0.00000000000000000000
0.31469785463491650734 -0.36329405708046530465 0.10350693861211832103 0.07406366589396237710 -0.02553114197267749436 -0.00862753923333682213 -0.00273493531570926903 -0.02690091360727657130 0.00169188092580307417 0.01353971144392276428 -0.00607636906972306833 -0.00422900912319768441 -0.00042020490225123247 0.00000000000000000000
0.07031959794611912506 0.81775249211331380028 -0.06773491488120951531 0.07320097049414978074 -0.01252528670376236962 -0.01834987601104958246 0.01675926118006506454 -0.00720369777255279974 -0.01493339865838269089 0.01705737171702314398 -0.00791307808485154293 -0.00925052515368302540 0.00712777142380189438 0.00000000000000000000
5.62070767230996626296 -0.22270896370113338336 0.24599507717423971243 0.00258594214247518956 0.21746677967619340577 0.00511672975694437045 -0.01574944484956239399 -0.00396478455036927691 -0.01038843601318414564 0.02013135410587535423 0.00197384630596257517 0.00517771732899612903 0.00538568430628948418 0.00000000000000000000
0.92126998726012421237 -0.34312239482992656914 0.26156362386999643110 0.06408520925591713879 -0.07596920409461700718 -0.00936702447444527631 -0.00210756765224529453 -0.01681383803047639680 0.02238331249789772201 -0.00750607390526707424 0.00241491352065000648 -0.00170227867781780904 -0.00221282740750551122 0.00000000000000000000
0.18065589283787217290 0.74796875964424025529 -0.16884976203898122149 0.11832187053453373238 -0.06611760803182371860 0.02920553592533576756 0.02847950861666293312 -0.00377219398622069763 -0.00681033803431482267 -0.00324426410749971287 -0.00550498510971963572 0.00719494367502761505 -0.00189290252430304208 0.00000000000000000000
5.30347285260824730102 -0.29018790622042744953 0.29963882172865174969 0.03647578043226269717 0.24936966400294621748 -0.04686698147155826666 0.00065142311225186171 -0.01238937022050233885 0.01186596896850116573 0.01023963241841315160 -0.02243029764319027369 0.00259322013395721926 0.00804522467417400321 0.00000000000000000000
1.51493639929376522346 -0.27908222441956087589 0.36733593711852757790 0.00389190400224086880 -0.14737913882558356660 -0.02725945245805074316 -0.02320070157722336351 0.01623408425107548958 0.01146296974566611733 -0.00672049597097927609 0.01074384476859852749 -0.00481820426930944668 0.00489467942770453052 0.00000000000000000000
0.25490731601389510219 0.64211681243265583685 -0.20401016366667662494 0.10350604355679834945 -0.09709215843971422122 0.07976741097169365302 -0.00146768912125894461 0.01979130153652573082 -0.01008815893446006473 0.00898350717380284360 0.01149793271198051858 0.01044724820423904681 -0.00568626920790789997 0.00000000000000000000
4.83628596029647006560 -0.13601103236308303979 0.42468360771050839286 0.23729832868995059947 0.08063449827235913414 0.04179885592239127728 0.08281056142149470500 0.02772586925284327083 0.02603404077073127182 0.01236381082540844237 0.03869181430550464040 0.00840291129602579144 0.01008418037366806685 0.00000000000000000000
2.06584000042491533478 -0.04114894038902723594 0.42553461324443181413 -0.20390569621219575835 -0.06950850261326819990 -0.08041449317343869752 0.01064705712464775883 -0.06234404395325866821 -0.00741522241110961766 -0.02427756793682219610 -0.01539359874585405005 -0.02701464036690662263 -0.01550209812148273768 0.00000000000000000000
0.26447692513667753200 0.45004264796134857418 -0.25106417222925242472 0.05021337973986610137 -0.05873428810542199313 0.02322560001111631175 -0.03073558069558686781 0.02418092326479346493 -0.00699155217187500799 0.01539284881648779121 -0.01124990178452959719 0.01409132710634369325 -0.00053128347426038001 0.00000000000000000000
4.40147062742588879303 0.12190483425238188286 0.51212967994397284865 0.18984094843470086800 -0.04636012106661013821 0.13572636351799011178 0.00173377700154189501 0.06934974315900442610 0.03363264061251697301 0.04119169282327839188 -0.00674373708601074245 0.04580421713802566158 0.00732656875090701397 0.00000000000000000000
2.64070691170561033800 0.04759288566889895156 0.28068806667824869328 -0.23290836653327828820 0.12864376116796255589 -0.05456581403320860668 0.03942626489741860030 -0.03213965378708703857 0.02848197298165590016 -0.03505756553757966715 0.02749616282071121534 -0.02088950554413065985 0.00343260820643900280 0.00000000000000000000
0.12545873178969529915 0.41779075334137055764 -0.21667934823492229768 0.04226368803535694024 -0.03768560884270442252 0.02429372144967608185 -0.00694153961939313145 0.01754990408889640224 -0.00040064828984610890 0.01367585104119663914 0.00404877355803694855 0.01378870131154617297 0.00460040919100419225 0.00000000000000000000
